     0/299     3.24G   0.04918   0.01509   0.02817   0.09244         2       640  0.001092   0.05974 0.0002656 7.438e-05    0.0657   0.01597   0.03433
     1/299      3.5G   0.04955   0.01174   0.02849   0.08978         7       640    0.9579  0.008333  0.004871 0.0005391   0.06166   0.01117   0.04692
     2/299      3.5G   0.04962   0.01124   0.02907   0.08993         6       640    0.4304   0.02083  0.002038 0.0005636   0.05799   0.01091   0.03098
     3/299      3.5G   0.05066   0.01108   0.02926     0.091         4       640  0.001109   0.03698  0.000393 5.899e-05     0.054   0.01084     0.029
     4/299      3.5G   0.04983    0.0108   0.02907   0.08971         6       640  0.002778  0.008333 0.0006611 6.611e-05   0.05034   0.01089   0.02388
     5/299      3.5G   0.04873   0.01082   0.02857   0.08812         6       640    0.2546  0.001282 0.0001818 1.818e-05   0.05057   0.01067   0.02354
     6/299      3.5G   0.04905   0.01035   0.02854   0.08794         2       640   0.08456  0.003846 0.0004847 7.852e-05   0.05085   0.01007    0.0248
     7/299      3.5G   0.05048   0.01014   0.02898    0.0896         2       640  0.002205   0.05766 0.0009937 0.0001157   0.05836  0.008312   0.03446
     8/299      3.5G   0.05057   0.01022   0.02915   0.08994         2       640 0.0005052   0.01828 4.368e-05 9.361e-06   0.06054   0.01058   0.06998
     9/299      3.5G   0.04868  0.009901   0.02739   0.08597         8       640    0.2532   0.07515  0.002072 0.0003117   0.05513   0.00934   0.02482
    10/299      3.5G   0.04859   0.01035   0.02821   0.08716         4       640     0.421   0.02778  0.003089 0.0004093   0.05168  0.009922   0.02304
    11/299      3.5G   0.04933   0.01017   0.02863   0.08814         7       640    0.9233  0.007937  0.004117 0.0005429   0.05278  0.009392   0.02436
    12/299      3.5G   0.04835   0.01009   0.02772   0.08616         3       640 0.0001282   0.02554 2.074e-05 3.945e-06   0.06804   0.01929    0.3791
    13/299      3.5G   0.04891   0.01034   0.02845    0.0877         3       640    0.6787    0.0119  0.003638 0.0006389   0.05433   0.01149   0.02381
    14/299      3.5G   0.04763  0.009425   0.02763   0.08468         8       640  0.001888    0.1526  0.002229 0.0003304   0.05439  0.009381   0.02523
    15/299      3.5G   0.04793  0.009767   0.02718   0.08488         5       640    0.8494   0.04701   0.01222  0.001769   0.05111  0.009164   0.02246
    16/299      3.5G   0.04742  0.009565   0.02726   0.08424         2       640    0.8373   0.02625  0.002568  0.000585   0.05323   0.00874   0.02311
    17/299      3.5G   0.04807  0.009688   0.02702   0.08478         2       640    0.7529   0.02112   0.00195 0.0002975   0.05629   0.01246   0.08863
    18/299      3.5G    0.0473   0.01006   0.02767   0.08503         6       640    0.5011  0.001282 0.0001183 1.952e-05   0.08437    0.1233     3.679
    19/299      3.5G   0.04753   0.01048   0.02804   0.08605         8       640 0.0001662    0.0141 0.0001186 1.661e-05   0.08332   0.02865    0.9601
    20/299      3.5G   0.04608  0.009893   0.02697   0.08294         9       640 0.0002436  0.005128 6.964e-05  1.26e-05   0.05465   0.01442   0.07201
    21/299      3.5G   0.04701   0.01025   0.02774     0.085         6       640 0.0001538    0.0438 7.986e-05 1.378e-05   0.05268   0.01264   0.05022
    22/299      3.5G   0.04677   0.01098   0.02791   0.08565         3       640   0.08858   0.01108 0.0008459 0.0004154   0.05444   0.01438   0.06129
    23/299      3.5G   0.04497   0.01057   0.02711   0.08265         4       640   0.08445   0.01685 0.0006019 0.0001148   0.05268   0.01255   0.04528
    24/299      3.5G   0.04595   0.01075   0.02771   0.08441         3       640  0.001087   0.01474 0.0005522 0.0001083   0.05091   0.01195   0.04098
    25/299      3.5G   0.04664   0.01121   0.02754   0.08539         7       640 0.0007092   0.00641 0.0003647 6.322e-05   0.05166   0.01087   0.03563
    26/299      3.5G    0.0448   0.01077   0.02704   0.08261         7       640  0.001159    0.1351  0.000643  9.39e-05   0.04998   0.01162   0.03653
    27/299      3.5G     0.044   0.01085   0.02638   0.08124         8       640    0.6721   0.02308  0.002234 0.0004353   0.05168   0.01033   0.03236
    28/299      3.5G   0.04528   0.01109   0.02734   0.08371         3       640    0.5936  0.006838  0.003067 0.0004568   0.05226   0.01118   0.04329
    29/299      3.5G   0.04648   0.01099   0.02733    0.0848        10       640    0.5044   0.03544  0.004241  0.001554   0.05024   0.00999   0.03058
    30/299      3.5G   0.04381   0.01064   0.02622   0.08067        10       640    0.3377   0.04203  0.002749 0.0004189   0.05107  0.009561   0.02615
    31/299      3.5G    0.0439   0.01068   0.02568   0.08026         6       640    0.2534   0.06587  0.003081 0.0005969   0.05027  0.009825   0.02552
    32/299      3.5G   0.04306   0.01058   0.02539   0.07903         8       640  0.002921    0.1062  0.002181  0.000435   0.05125  0.009747   0.02743
    33/299      3.5G   0.04385   0.01067   0.02619   0.08071         1       640   0.08972    0.1016  0.004756 0.0009021   0.05268   0.01274   0.08631
    34/299      3.5G   0.04305   0.01096   0.02551   0.07952         4       640    0.3366   0.07427  0.003013 0.0005647    0.0521   0.01041   0.04519
    35/299      3.5G   0.04312   0.01059   0.02553   0.07924        16       640    0.5039    0.0232  0.003534 0.0007204   0.05233  0.009621   0.03944
    36/299      3.5G   0.04226   0.01036   0.02452   0.07714         3       640    0.5157    0.0812  0.008322  0.001792   0.05053  0.009217   0.02725
    37/299      3.5G   0.04246   0.01055   0.02511   0.07812         8       640    0.3484    0.1166   0.01286  0.003607   0.05199   0.01019   0.04969
    38/299      3.5G   0.04088    0.0103   0.02439   0.07558         1       640      0.61   0.07093   0.01945  0.005674   0.05203  0.009713   0.04712
    39/299      3.5G   0.04284    0.0107   0.02571   0.07926         8       640     0.437    0.1398   0.02381  0.008029   0.04962  0.009011   0.02519
    40/299      3.5G   0.04106   0.01033   0.02455   0.07594        10       640   0.01342    0.2259   0.01471  0.004763   0.04838  0.009158    0.0256
    41/299      3.5G   0.04101   0.01026   0.02449   0.07576        12       640    0.5832   0.07062   0.03644   0.01356   0.04902  0.008678   0.02463
    42/299      3.5G   0.03961   0.01033    0.0237   0.07364         2       640    0.6336   0.07936   0.03371  0.009386    0.0477  0.008675   0.02368
    43/299      3.5G   0.04008   0.01076   0.02449   0.07533         5       640     0.662   0.06909   0.02941  0.008852   0.04674  0.009077   0.02366
    44/299      3.5G   0.03787   0.01024   0.02298   0.07109         3       640    0.6953   0.08002   0.04624   0.01182   0.04815  0.009511   0.03256
    45/299      3.5G   0.03818   0.01071   0.02319   0.07208         3       640    0.5373    0.1202   0.02903  0.009384   0.04933   0.00984   0.02271
    46/299      3.5G   0.03937   0.01036   0.02363   0.07336         4       640    0.5438    0.1251   0.04369   0.01518   0.04732  0.009405   0.02257
    47/299      3.5G   0.03764   0.01035   0.02285   0.07084         1       640    0.6191    0.1195   0.05491   0.01811   0.04803   0.01013   0.04482
    48/299      3.5G   0.03874    0.0103   0.02353   0.07258         7       640    0.6124   0.07949   0.04214   0.01889   0.04507  0.009841   0.03551
    49/299      3.5G   0.03828   0.01058   0.02351   0.07237         7       640    0.6038    0.1193   0.05571   0.02087   0.04435   0.01027   0.03248
    50/299      3.5G   0.03807    0.0101   0.02367   0.07184         8       640    0.6807    0.1279   0.08322   0.03375   0.04651  0.009601   0.03116
    51/299      3.5G   0.03581   0.01023   0.02262   0.06867         4       640     0.648    0.1105   0.07641   0.02538   0.04462  0.009251   0.02548
    52/299      3.5G   0.03791  0.009919   0.02296   0.07079         8       640     0.635    0.1323   0.07883    0.0331   0.04361  0.009641   0.03191
    53/299      3.5G   0.03588  0.009838    0.0227   0.06842         5       640    0.6329    0.1356   0.09773   0.03679   0.04505  0.008692   0.02231
    54/299      3.5G   0.03746   0.01022   0.02304   0.07072         6       640    0.5755    0.1727    0.1016   0.04341   0.04339  0.008629    0.0219
    55/103     3.19G   0.03591   0.01031    0.0224   0.06861         2       640    0.5735    0.1535    0.0972   0.03145   0.04536  0.008994   0.02278
    56/103      3.2G   0.03403  0.009784    0.0214   0.06522         7       640    0.6012    0.1356    0.0951   0.03319    0.0453   0.00874   0.02253
    57/103      3.2G   0.03465   0.01025   0.02219   0.06709         6       640    0.7007    0.1222    0.1059   0.04331   0.04338  0.008519    0.0217
    58/103      3.2G   0.03493   0.01036   0.02222   0.06751         4       640    0.3935    0.2353    0.1007   0.04627   0.04278  0.008521     0.022
    59/103      3.2G   0.03451   0.01043   0.02207   0.06701         6       640    0.7131    0.1049   0.09698   0.04362   0.04253  0.008614   0.02227
    60/103      3.2G   0.03347   0.01025   0.02167   0.06539         6       640    0.6859    0.1416    0.1164   0.05374    0.0419  0.008817   0.02312
    61/103      3.2G   0.03347   0.01006   0.02192   0.06544         2       640    0.6278    0.1692     0.128   0.06744   0.04163  0.008685   0.02247
    62/103      3.2G   0.03337   0.01028     0.022   0.06565         2       640    0.6135    0.1891    0.1211   0.06159   0.04092  0.008937    0.0227
    63/103      3.2G   0.03403   0.01052   0.02251   0.06706         2       640    0.6013     0.164    0.1171    0.0568    0.0411  0.008708   0.02195
    64/299     5.46G    0.0469   0.01066   0.02997   0.08753         8       640    0.6438    0.1744    0.1549   0.07703   0.05291    0.0083   0.02606
    65/299     7.73G   0.04751   0.00973   0.02922   0.08647        16       640    0.6171    0.1542    0.1293   0.06081   0.05319  0.008735   0.03104
    66/299     7.75G   0.04838   0.01022   0.02967   0.08827        14       640    0.6444    0.1169    0.1183    0.0641   0.05576   0.00829   0.02503
    67/299     7.75G   0.04847   0.01029   0.02885    0.0876        19       640    0.4221    0.2259    0.1277   0.06503   0.05654  0.008586   0.02785
    68/299     7.75G   0.04975   0.01017   0.02941   0.08933        13       640    0.6593    0.1733    0.1455   0.07746   0.05714  0.008269   0.02763
    69/299     7.75G   0.04885    0.0101   0.02879   0.08775        18       640    0.6491     0.165    0.1459    0.0816   0.05518  0.008309   0.02585
    70/299     7.75G   0.05178   0.00967   0.02964   0.09109        15       640    0.3267    0.2855    0.1716   0.09876   0.05743  0.008136   0.02541
    71/299     7.75G   0.04746  0.009996   0.02831   0.08576        12       640     0.173     0.396    0.2035   0.09583   0.05801   0.00814    0.0259
    72/299     7.75G   0.04984   0.01039   0.02978   0.09002         9       640    0.1362    0.2806    0.1154   0.03995   0.06111  0.009104   0.03743
    73/299     7.75G   0.04959  0.009907   0.02829   0.08779        13       640    0.2412    0.3668    0.1854   0.09563   0.05814  0.008146   0.02552
    74/299     7.75G   0.04639   0.01027   0.02814    0.0848        15       640     0.468    0.2127    0.1547   0.08667   0.05822  0.008324     0.026
    75/299     7.75G    0.0474   0.01004   0.02817   0.08561        26       640    0.1766    0.3998    0.2296    0.1226   0.05958  0.007983   0.02438
    76/299     5.46G   0.04611   0.01011   0.02789   0.08411         8       640    0.1945    0.3515    0.2567     0.149   0.05674  0.007907   0.02558
    77/299     7.73G   0.04371  0.009561   0.02729   0.08055        16       640    0.1906    0.4585    0.2525    0.1228   0.05616  0.007727   0.02467
    78/299     7.74G   0.04444   0.01007   0.02739   0.08189        14       640    0.2096    0.4253     0.261     0.145   0.05564   0.00801   0.02538
    79/299     7.74G   0.04662   0.01014   0.02736   0.08412        19       640    0.3615    0.2938    0.2413    0.1165   0.05229  0.008622    0.0297
    80/299     7.74G   0.04751   0.01012   0.02805   0.08569        13       640    0.2648    0.3974    0.2529    0.1425   0.05397  0.007703   0.02522
    81/299     7.74G    0.0459  0.009975   0.02703    0.0829        18       640    0.2322     0.353    0.2747    0.1509   0.05326  0.007912   0.02417
    82/299     7.74G   0.04705  0.009545   0.02755   0.08414        15       640    0.2143    0.4867    0.2724    0.1515   0.05443   0.00775   0.02383
    83/299     7.74G   0.04515   0.00993   0.02772    0.0828        12       640    0.2683     0.405    0.2861    0.1472   0.05682  0.007618   0.02367
    84/299     7.74G   0.04596   0.01011   0.02816   0.08424         9       640    0.2456    0.4254    0.3013    0.1756   0.05569  0.007423   0.02381
    85/299     7.74G   0.04642  0.009645   0.02657   0.08263        13       640     0.254    0.4772     0.326    0.1895   0.05512  0.007355   0.02323
    86/299     7.74G   0.04432  0.009968   0.02635   0.08063        15       640    0.3391    0.4425    0.3546    0.1974   0.05763  0.007275   0.02313
    87/299     7.74G   0.04593  0.009679   0.02719   0.08279        26       640    0.4394    0.4064    0.3414    0.1866   0.05689  0.007519   0.02391
    88/299     7.74G   0.04445  0.009759   0.02493   0.07914        10       640    0.5213    0.3724    0.3727    0.2041   0.05743  0.007195   0.02304
    89/299     7.74G   0.04632  0.009879   0.02728   0.08347        11       640    0.4878    0.3771    0.3559    0.1979   0.05415  0.007425   0.02327
    90/299     7.74G   0.04518   0.00944   0.02588   0.08051        23       640    0.7182     0.299    0.3956    0.2304   0.05329  0.007324   0.02303
    91/299     7.74G   0.04598  0.009679   0.02665    0.0823        16       640    0.4211    0.4403    0.4002    0.2354   0.05201   0.00729   0.02311
    92/299     7.74G   0.04533  0.009314   0.02582   0.08046        14       640    0.4422    0.4279    0.4155    0.2706   0.05238  0.007164   0.02255
    93/299     7.74G    0.0456   0.00964   0.02589   0.08113        21       640    0.4463     0.443    0.4017    0.2494   0.05266  0.007163   0.02273
    94/299     7.74G   0.04461  0.009637   0.02611   0.08035        20       640    0.5304    0.3091    0.3778    0.2295   0.05336  0.007497   0.02289
    95/299     7.74G   0.04457   0.01001   0.02568   0.08027        24       640     0.672    0.3592     0.448    0.2819   0.05306  0.007161   0.02254
    96/299     7.74G   0.04536  0.009293   0.02613   0.08078        18       640    0.8078    0.2666     0.396    0.2325   0.05386  0.007317   0.02243
    97/299     7.74G   0.04692  0.009528   0.02622   0.08267        20       640    0.4026    0.4454    0.4416     0.249   0.05186   0.00737   0.02197
    98/299     7.74G   0.04372  0.009809   0.02512   0.07865         9       640    0.4654    0.4547    0.4524    0.2897   0.05179  0.007081   0.02172
    99/299     7.74G   0.04193  0.009307   0.02447   0.07571        12       640    0.5912    0.4061    0.4055    0.2515   0.05287  0.007325    0.0225
   100/299     7.74G   0.04226  0.009277   0.02367    0.0752        11       640    0.7068    0.3707    0.4534    0.2833     0.053  0.007012   0.02179
   101/299     7.74G   0.04422  0.009973   0.02509   0.07929        21       640    0.4218    0.4696    0.4261    0.2459   0.05289  0.006964   0.02182
   102/299     7.74G   0.04517  0.009512   0.02612    0.0808        17       640    0.3736    0.5649    0.4645    0.2881   0.05055  0.007092   0.02188
   103/299     7.74G   0.04187  0.009593   0.02348   0.07494        24       640    0.5324     0.433    0.4445     0.262   0.05064  0.007195   0.02245
   104/299     7.74G   0.04324  0.009785   0.02455   0.07757        15       640    0.4874    0.5121    0.5044    0.3324   0.05092  0.006852   0.02122
   105/299     7.74G   0.04189  0.009495   0.02379   0.07518        19       640    0.4512    0.5039     0.499     0.345   0.05201  0.006804   0.02095
   106/299     7.74G   0.03955  0.009449   0.02368   0.07267        20       640    0.4057    0.5678    0.5085    0.3474   0.05053  0.006786   0.02123
   107/299     7.74G    0.0433  0.009507   0.02374   0.07654        15       640    0.4866    0.6134    0.5254    0.3463   0.05145  0.006592   0.02151
   108/299     7.74G   0.04324  0.009404   0.02469   0.07734        22       640    0.4851    0.6047    0.5623    0.3405   0.05129  0.006525   0.02097
   109/299     7.74G   0.04117  0.009512   0.02331     0.074        12       640    0.7211    0.2959    0.3875    0.2395   0.05176  0.007107   0.02273
   110/299     7.74G    0.0401  0.009722   0.02204   0.07186        11       640    0.5915    0.5605    0.5834       0.4   0.04936  0.006565   0.02095
   111/299     7.74G   0.04361  0.009423   0.02381   0.07684        31       640    0.5532    0.5326    0.5381    0.3597   0.04759  0.006681   0.02139
   112/299     7.74G   0.04222  0.009232   0.02341   0.07486        20       640    0.5707    0.6275    0.6144    0.4166   0.04809  0.006558   0.02086
   113/299     7.74G   0.04246  0.009321   0.02314   0.07492        19       640    0.5668    0.6535    0.5906    0.3881   0.04943  0.006502   0.02065
   114/299     7.74G   0.04013  0.009147   0.02206   0.07133         6       640     0.699    0.5581    0.6086    0.4372   0.05005  0.006294    0.0203
   115/299     7.74G    0.0422  0.009527   0.02269   0.07442        14       640    0.5435    0.6703    0.6114    0.4103   0.05074  0.006195   0.02006
   116/299     7.74G   0.03998  0.009269   0.02171   0.07095        16       640    0.5609    0.6706    0.6405    0.4483   0.05083  0.006289   0.02042
   117/299     7.74G   0.04239  0.009375   0.02395   0.07572        27       640    0.7276    0.5754    0.6683    0.4658   0.05202  0.006154   0.02028
   118/299     7.74G   0.04147  0.009411   0.02225   0.07313        17       640    0.5984    0.5821     0.628    0.4099   0.05257  0.006234   0.02013
   119/299     7.74G   0.03846   0.00952   0.02159   0.06956        13       640    0.7891    0.5426    0.6532    0.4421    0.0549  0.006169   0.02017
   120/299     7.74G    0.0408  0.009083   0.02167   0.07155        11       640    0.6368    0.6577    0.6613    0.4402   0.05562  0.006028   0.01998
   121/299     7.74G   0.04193  0.009403   0.02229   0.07362        18       640    0.7555    0.6619    0.6737    0.4755   0.05312  0.005846   0.01982
   122/299     7.74G   0.04059  0.009151   0.02175   0.07149        11       640    0.6723    0.6512     0.689     0.471   0.05156  0.005929   0.01945
   123/299     7.74G   0.03913   0.00923   0.02122   0.06959        19       640    0.7765    0.6356    0.6847    0.5004   0.05056  0.006126   0.01938
   124/299     7.74G   0.04078  0.009294   0.02178   0.07185        16       640    0.7737    0.6301    0.6968    0.4751   0.05112  0.006184    0.0195
   125/299     7.74G   0.04018  0.009402   0.02108   0.07066        13       640    0.7966    0.6364     0.716    0.4843   0.05014  0.006036   0.01943
   126/299     7.74G   0.04096  0.008807   0.02182   0.07158        22       640    0.7504    0.6556       0.7    0.4832    0.0509  0.006015   0.01945
   127/299     7.74G   0.03656  0.008991   0.01993   0.06549        15       640    0.9043    0.6213    0.7339    0.5304   0.04849  0.006016   0.01897
   128/299     7.74G   0.04092  0.008803   0.02014   0.06986        25       640    0.6959    0.7002    0.7345    0.5361    0.0497  0.006099   0.01895
   129/299     7.74G   0.03738  0.008685   0.01991   0.06598        24       640    0.7559    0.7053    0.7278    0.5215   0.04888  0.006262   0.01929
   130/299     7.74G   0.04122  0.009001   0.02161   0.07183        24       640    0.7636    0.6318    0.6927    0.5004   0.04708  0.006256   0.01944
   131/299     7.74G   0.03904  0.008866   0.02023   0.06814        17       640    0.8058    0.6906    0.7155    0.4881   0.04632   0.00616   0.01899
   132/299     7.74G   0.03972  0.008906    0.0204   0.06902        19       640    0.8797    0.6253     0.756    0.5422   0.04822  0.005936   0.01927
   133/299     7.74G   0.03914  0.008779   0.02073   0.06865        25       640    0.7847    0.6387    0.7061    0.5043   0.04972  0.006043   0.01896
   134/299     7.74G   0.03888  0.008848   0.02018   0.06791        26       640     0.777    0.6894    0.7298    0.5432   0.04784  0.006143   0.01891
   135/299     7.74G   0.03868  0.008623   0.02004   0.06735        15       640    0.7433    0.7435    0.7496     0.531   0.04867  0.005978   0.01881
   136/299     7.74G   0.03919  0.008867   0.01949   0.06754        14       640    0.7597    0.7095    0.7468    0.5243    0.0495  0.005855    0.0194
   137/299     7.74G   0.03881  0.008808   0.02042   0.06805        21       640    0.7819    0.7415    0.7588    0.5199   0.04879  0.006062   0.01861
   138/299     7.74G   0.04137  0.009063   0.02027    0.0707        18       640    0.7319    0.6868    0.7204    0.5178   0.04876  0.006079   0.01801
   139/299     7.74G   0.03909   0.00892   0.01948   0.06748        10       640    0.8232    0.7071    0.7483    0.5278   0.04745  0.005985   0.01835
   140/299     7.74G   0.04061  0.008662   0.01978   0.06905        17       640    0.8336    0.6896    0.7529    0.5523   0.04836  0.005863   0.01849
   141/299     7.74G   0.03928  0.009093   0.01883    0.0672        17       640    0.8435    0.6585    0.7451     0.525   0.04894  0.006244   0.01924
   142/299     7.74G   0.03908  0.009088   0.01966   0.06783        21       640    0.8918    0.6873    0.7572    0.5399   0.04692   0.00601   0.01806
   143/299     7.74G   0.03855  0.008848   0.01938   0.06679        21       640    0.8628    0.6853    0.7588    0.5397    0.0466   0.00614    0.0179
   144/299     7.74G   0.03719  0.008744   0.01841   0.06433        19       640    0.8386    0.7208    0.7645    0.5189   0.04866  0.005893   0.01836
   145/299     7.74G   0.03634  0.008708   0.01885    0.0639        17       640    0.8672    0.7294    0.7766    0.5561   0.04911  0.005894   0.01813
   146/299     7.74G   0.03767   0.00856   0.01808   0.06431         8       640    0.8609    0.7658    0.7921     0.587   0.04938  0.005823   0.01786
   147/299     7.74G   0.03815  0.008437     0.018   0.06459        11       640     0.901    0.6629    0.7412    0.5555   0.04769  0.005914    0.0179
   148/299     7.74G    0.0411  0.008891   0.01981    0.0698        18       640    0.8593    0.7409    0.7834    0.6026   0.04631  0.005698   0.01724
   149/299     7.74G   0.04034  0.008695   0.01935   0.06838        12       640      0.84    0.7417    0.7818    0.5686   0.04457  0.006098   0.01776
   150/299     7.74G   0.03994  0.008662   0.01854   0.06714        17       640    0.8748    0.7393    0.7927    0.5902   0.04676  0.005742   0.01782
   151/299     7.74G   0.03779  0.008642   0.01805   0.06448        26       640    0.8501    0.7709    0.8005     0.593   0.04799  0.005581    0.0176
   152/299     7.74G   0.03871  0.008369   0.01809   0.06516        17       640    0.8494    0.7528    0.7882    0.5958   0.04716  0.005618   0.01755
   153/299     7.74G   0.03741  0.008357   0.01808   0.06385        10       640    0.9092    0.7612    0.8032    0.5513   0.04631  0.005554   0.01714
   154/299     7.74G   0.03856  0.008531   0.01886   0.06595        21       640    0.8839    0.7944       0.8    0.5739   0.04716  0.005522   0.01788
   155/299     7.74G   0.03943  0.008619   0.01965    0.0677        13       640    0.9144    0.7279    0.8015    0.5803   0.04599   0.00573   0.01736
   156/299     7.74G   0.03839  0.008579   0.01934   0.06631        17       640    0.8749    0.7679    0.8109    0.6202   0.04572  0.005516   0.01695
   157/299     7.74G   0.03745  0.008425   0.01793   0.06381        16       640    0.8787    0.7883    0.8099    0.6043   0.04619  0.005518   0.01675
   158/299     7.74G   0.03629  0.008356   0.01648   0.06113        17       640    0.9015    0.7531    0.7969    0.5944    0.0445  0.005682   0.01736
   159/299     7.74G    0.0385  0.008475   0.01776   0.06473        12       640    0.9162     0.754    0.8041    0.6152   0.04544  0.005568   0.01744
   160/299     7.74G   0.03902  0.008469   0.01833   0.06581        26       640    0.8677    0.7822    0.8055    0.6062   0.04531  0.005555   0.01724
   161/299     7.74G   0.03653  0.008728   0.01777   0.06303        30       640    0.8707    0.7812    0.8151    0.5998   0.04552  0.005593   0.01679
   162/299     7.74G   0.03565  0.008603   0.01682   0.06107        16       640    0.9457    0.7662    0.8207    0.6064   0.04635  0.005554   0.01676
   163/299     7.74G   0.03803  0.008466   0.01765   0.06415        15       640     0.911    0.7762    0.8028     0.605   0.04508  0.005593   0.01675
   164/299     7.74G   0.03704  0.008308   0.01675    0.0621        19       640    0.9344    0.7416    0.8009    0.5823   0.04619  0.005365   0.01718
   165/299     7.74G   0.03842  0.008391   0.01775   0.06456        15       640    0.8533    0.7914    0.8174    0.6275   0.04412  0.005417   0.01651
   166/299     7.74G   0.03922  0.008481    0.0184    0.0661        12       640     0.915    0.7709     0.812    0.6447   0.04366  0.005384   0.01617
   167/299     7.74G   0.03564  0.008258   0.01576   0.05966        19       640    0.8913    0.8045    0.8188    0.6465   0.04321  0.005444   0.01683
   168/299     7.74G   0.03775  0.008325    0.0183   0.06437        14       640    0.8971    0.7987    0.8181    0.6542   0.04217  0.005466   0.01669
   169/299     7.74G    0.0387  0.008411   0.01728   0.06439        24       640    0.9249    0.7837    0.8197    0.6377   0.04394  0.005522   0.01615
   170/299     7.74G   0.03597  0.008138   0.01558   0.05969        23       640    0.9072    0.7867    0.8327    0.6401    0.0449  0.005376   0.01621
   171/299     7.74G   0.03665  0.008285   0.01677    0.0617        23       640    0.9743    0.7668    0.8256    0.6384   0.04402  0.005507   0.01679
   172/299     7.74G   0.04013  0.008332   0.01824    0.0667        18       640    0.9625    0.7984    0.8278     0.633    0.0452  0.005523   0.01653
   173/299     7.74G   0.03542  0.008254   0.01604   0.05971         7       640    0.9394    0.7738    0.8233    0.6537   0.04527   0.00548   0.01642
   174/299     7.74G   0.03504  0.008528   0.01582   0.05939        18       640    0.9405    0.7826    0.8203    0.6216   0.04376  0.005373   0.01614
   175/299     7.74G    0.0351  0.008221   0.01576   0.05909        16       640    0.9263    0.7834    0.8271    0.6439   0.04419  0.005507   0.01612
   176/299     7.74G   0.03699   0.00888   0.01676   0.06263        16       640     0.944    0.7744    0.8072    0.6458   0.04485  0.005356   0.01593
   177/299     7.74G   0.03448  0.008305     0.016   0.05878        21       640     0.937    0.7954    0.8264    0.6428   0.04599  0.005386   0.01591
   178/299     7.74G   0.03621  0.008095   0.01653   0.06084        17       640    0.9443    0.7973    0.8297    0.6505   0.04646  0.005287   0.01585
   179/299     7.74G   0.03629  0.008162   0.01578   0.06023        27       640    0.9499    0.7941    0.8319    0.6428   0.04709  0.005351   0.01586
   180/299     7.74G   0.03747  0.008401   0.01608   0.06194        10       640    0.9393       0.8    0.8251    0.6452   0.04711  0.005423    0.0158
   181/299     7.74G   0.03534  0.008383   0.01577   0.05949        12       640    0.9497    0.7702    0.8252    0.6462   0.04545  0.005404   0.01585
   182/299     7.74G   0.03568  0.008359   0.01549   0.05953        26       640    0.8757    0.8008    0.8282    0.6339   0.04571  0.005347   0.01565
   183/299     7.74G   0.03614  0.008014   0.01541   0.05956        12       640    0.9447    0.7712    0.8276    0.6183   0.04501  0.005207   0.01582
   184/299     7.74G   0.03499  0.007936   0.01513   0.05806        20       640    0.9773    0.7848    0.8409    0.6649   0.04544  0.005186   0.01584
   185/299     7.74G   0.03729  0.008356   0.01684   0.06249        24       640    0.9206     0.767    0.8183    0.6272   0.04525  0.005151   0.01579
   186/299     7.74G   0.03603  0.008343   0.01549   0.05986        11       640    0.9384    0.7862    0.8241    0.6595    0.0448  0.005195   0.01551
   187/299     7.74G   0.03431  0.008076    0.0144   0.05679         9       640    0.9527    0.7904    0.8305    0.6721   0.04475  0.005277   0.01539
   188/299     7.74G   0.03461  0.007875   0.01496   0.05744        18       640    0.9172    0.7923     0.821    0.6524    0.0448  0.005268   0.01543
   189/299     7.74G   0.03506  0.008168   0.01505   0.05828        12       640    0.9477    0.7685    0.8205    0.6781   0.04413  0.005309   0.01569
   190/299     7.74G   0.03675  0.008147   0.01565   0.06055        23       640    0.8898     0.791    0.8266    0.6641   0.04387   0.00537   0.01553
   191/299     7.74G   0.03564  0.007809   0.01512   0.05857        25       640    0.9489    0.7952    0.8469    0.6649   0.04426  0.005342   0.01579
   192/299     7.74G   0.03403  0.007811   0.01498   0.05683         8       640    0.9578    0.7836    0.8379    0.6654   0.04311  0.005405   0.01575
   193/299     7.74G   0.03336  0.007774   0.01363   0.05477        23       640    0.9591    0.7922     0.849    0.6663   0.04336   0.00536    0.0155
   194/299     7.74G   0.03402  0.007981   0.01379   0.05579        11       640    0.9108    0.8035    0.8487    0.6697   0.04324  0.005289   0.01538
   195/299     7.74G   0.03632  0.008102   0.01519   0.05961        12       640    0.9018    0.8099    0.8553    0.6746   0.04374  0.005193   0.01556
   196/299     7.74G   0.03245    0.0078   0.01368   0.05394        14       640     0.911    0.8042    0.8474    0.6595   0.04227  0.005143    0.0157
   197/299     7.74G   0.03841  0.008196   0.01627   0.06288        27       640     0.926    0.8112    0.8473    0.6581   0.04293  0.005148   0.01561
   198/299     7.74G   0.03593  0.007767   0.01497   0.05867        15       640    0.9374     0.791    0.8414     0.676   0.04275  0.005177   0.01549
   199/299     7.74G   0.03391  0.007677   0.01439   0.05597        11       640    0.9135    0.7661    0.8253    0.6389   0.04377  0.005424   0.01578
   200/299     7.74G   0.03495  0.007847   0.01456   0.05735         9       640    0.9714       0.8    0.8392    0.7081   0.04387  0.005121   0.01597
   201/299     7.74G     0.035  0.007674   0.01416   0.05684        20       640    0.9434    0.8065    0.8505    0.6973    0.0434  0.005174   0.01581
   202/299     7.74G   0.03443  0.008109   0.01519   0.05773        19       640    0.9593    0.7908    0.8562     0.721   0.04251  0.005229   0.01578
   203/299     7.74G   0.03442  0.007681   0.01437   0.05646        13       640     0.939    0.8032    0.8479    0.7042   0.04231  0.005196   0.01567
   204/299     7.74G   0.03501   0.00781   0.01365   0.05647        15       640    0.9184    0.8121    0.8413    0.6967   0.04187  0.005174   0.01537
   205/299     7.74G   0.03502  0.007867   0.01477   0.05765        20       640    0.9163    0.8003    0.8459    0.6764   0.04113  0.005232   0.01557
   206/299     7.74G   0.03478  0.007594   0.01463   0.05701         9       640    0.9521    0.8055    0.8595    0.7089    0.0415  0.005247   0.01519
   207/299     7.74G   0.03525  0.008122   0.01428   0.05766        24       640     0.922    0.8024    0.8574    0.6881   0.04033  0.005402   0.01529
   208/299     7.74G   0.03573  0.008082    0.0145   0.05831        11       640    0.9203    0.8211    0.8441    0.6753   0.04077  0.005242   0.01534
   209/299     7.74G    0.0336  0.007553   0.01355    0.0547        16       640    0.9022    0.8183    0.8509    0.6882   0.04187  0.005159   0.01543
   210/299     7.74G   0.03346  0.007937   0.01364   0.05503        12       640    0.9515    0.7915    0.8541    0.7159   0.04237   0.00511   0.01546
   211/299     7.74G   0.03202  0.007799   0.01235   0.05217         9       640    0.9546    0.8186     0.867    0.7206   0.04195  0.004991   0.01524
   212/299     7.74G   0.03484  0.007976   0.01446   0.05727        30       640    0.9433    0.8119    0.8687    0.7046   0.04283  0.005071     0.015
   213/299     7.74G   0.03166  0.007942    0.0129    0.0525         6       640    0.9755    0.8004    0.8638    0.7144   0.04305  0.005016   0.01524
   214/299     7.74G   0.03675  0.008022   0.01514   0.05991        18       640    0.9382     0.811    0.8519    0.7102   0.04279  0.004999   0.01503
   215/299     7.74G   0.03351  0.007669   0.01374   0.05491        10       640    0.9565     0.799    0.8589    0.7056   0.04287  0.004947   0.01509
   216/299     7.74G   0.03271  0.007618    0.0137   0.05403        23       640    0.9326    0.8145    0.8591    0.6974   0.04152  0.005081   0.01472
   217/299     7.74G   0.03229  0.007712   0.01321   0.05321        17       640    0.9662      0.79    0.8492    0.7178   0.03962  0.005191   0.01482
   218/299     7.74G   0.03422  0.007732     0.014   0.05595        23       640    0.9311    0.8185    0.8521    0.7152    0.0404  0.005124   0.01475
   219/299     7.74G   0.03374  0.008087    0.0143   0.05613        14       640     0.929    0.8143     0.854    0.7239    0.0403  0.005028   0.01487
   220/299     7.74G   0.03261  0.007662   0.01324   0.05351        11       640    0.9277    0.8195    0.8542    0.6977   0.04214  0.005089   0.01468
   221/299     7.74G   0.03217  0.007825   0.01276   0.05276        24       640     0.944    0.8192    0.8658    0.7055   0.04144  0.005107    0.0152
   222/299     7.74G   0.03376  0.007402    0.0138   0.05497        12       640    0.9614    0.8118    0.8724    0.7159   0.04076  0.005097   0.01536
   223/299     7.74G   0.03304  0.007782   0.01355   0.05438        11       640    0.9576    0.8124    0.8667    0.7293   0.04127  0.005115   0.01525
   224/299     7.74G   0.03289  0.007973   0.01372   0.05458        19       640    0.9512    0.8141    0.8769    0.7313   0.04161  0.005118   0.01538
   225/299     7.74G   0.03176  0.007294   0.01312   0.05217        10       640    0.9705    0.8039    0.8803    0.7179   0.04046  0.005185   0.01534
   226/299     7.74G   0.03341  0.007516   0.01358   0.05451        15       640    0.9716    0.8157    0.8754    0.7388   0.03938  0.005142   0.01511
   227/299     7.74G   0.03225  0.007909   0.01347   0.05363        23       640    0.9694    0.8214    0.8718    0.7217   0.03938  0.005124    0.0146
   228/299     7.74G   0.03405  0.007616   0.01406   0.05572         6       640    0.9635    0.8169    0.8707    0.7285    0.0392  0.005091   0.01467
   229/299     7.74G    0.0328  0.007835   0.01257   0.05321        21       640    0.9658    0.7937    0.8583    0.6878   0.04066  0.005286   0.01507
   230/299     7.74G   0.03306  0.007668   0.01346   0.05418        13       640    0.9575    0.8155     0.882     0.725   0.03961  0.005119    0.0146
   231/299     7.74G   0.03104  0.007754   0.01314   0.05193        11       640    0.9596    0.8153    0.8866    0.7317   0.03952  0.005033   0.01458
   232/299     7.74G   0.03161  0.007578   0.01293   0.05212        11       640    0.9406    0.8475    0.8891     0.716   0.04052  0.004973   0.01465
   233/299     7.74G   0.03074  0.007759   0.01153   0.05002        13       640    0.9647    0.7957    0.8814    0.7239   0.04048  0.004989   0.01474
   234/299     7.74G   0.03229  0.007575   0.01294    0.0528        27       640    0.9476    0.8056    0.8766    0.7122   0.04068  0.004903   0.01442
   235/299     7.74G   0.03209  0.007552    0.0135   0.05314        14       640    0.9573    0.8065    0.8776    0.7417   0.04098  0.004932   0.01434
   236/299     7.74G   0.03299  0.007655   0.01305    0.0537        18       640    0.9631    0.8134    0.8807    0.7496     0.041  0.004976   0.01421
   237/299     7.74G   0.03259  0.007522   0.01312   0.05324        17       640    0.9633    0.8082    0.8757    0.7589   0.04087  0.004958   0.01441
   238/299     7.74G    0.0317  0.007564   0.01249   0.05175        15       640    0.9516    0.8191    0.8805    0.7305   0.04087  0.004823   0.01429
   239/299     7.74G   0.03236  0.007701   0.01204    0.0521        23       640    0.9456    0.8139    0.8828    0.7489   0.04002  0.004904   0.01432
   240/299     7.74G   0.03084  0.007605   0.01272   0.05116        19       640    0.9263    0.8465    0.8928    0.7405   0.04009   0.00493   0.01435
   241/299     7.74G   0.03132  0.007574   0.01288   0.05177         9       640    0.9672    0.8092    0.8931    0.7477   0.04022  0.004989   0.01441
   242/299     7.74G   0.03115  0.007505   0.01232   0.05098        20       640    0.9597    0.8052    0.8889    0.7624   0.03979  0.005076   0.01415
   243/299     7.74G   0.03171  0.007623   0.01255   0.05188        13       640    0.9739    0.8076    0.8836    0.7488    0.0404  0.005095   0.01413
   244/299     7.74G    0.0323  0.007631   0.01248   0.05241        18       640    0.9648    0.8117    0.8945    0.7491   0.04064  0.005055   0.01426
   245/299     7.74G   0.03173  0.007748   0.01194   0.05142        23       640    0.9466    0.8194    0.8963    0.7563   0.04089  0.004958   0.01446
   246/299     7.74G   0.03138  0.007679   0.01221   0.05127        16       640    0.9179     0.823    0.8895    0.7553   0.04028  0.004989   0.01438
   247/299     7.74G   0.03194  0.007589    0.0129   0.05243        24       640    0.9625     0.818    0.8879    0.7588   0.03961  0.004963   0.01414
   248/299     7.74G   0.03157  0.007646   0.01301   0.05223        16       640    0.9618     0.816    0.8908    0.7433   0.03948  0.004946   0.01384
   249/299     7.74G   0.03141  0.007279   0.01245   0.05114        16       640     0.954    0.8116    0.8867    0.7469   0.04048  0.004985   0.01382
   250/299     7.74G   0.03222  0.007451    0.0124   0.05208        12       640    0.9674    0.8119    0.8891    0.7528    0.0403  0.005005   0.01396
   251/299     7.74G   0.03355  0.007719   0.01389   0.05515        20       640    0.9688     0.822     0.887    0.7563   0.04034  0.004927   0.01387
   252/299     7.74G   0.03211  0.007552   0.01304   0.05271        21       640    0.9628    0.8234      0.89    0.7675   0.04075   0.00482   0.01389
   253/299     7.74G   0.02817  0.007293   0.01033    0.0458        12       640    0.9563    0.8195    0.8975    0.7638   0.04109  0.004803   0.01383
   254/299     7.74G   0.03149   0.00739   0.01199   0.05087        18       640     0.967    0.8251    0.8914    0.7475   0.04138  0.004842   0.01407
   255/299     7.74G   0.03124  0.007917   0.01274    0.0519        22       640    0.9579    0.8281     0.887    0.7661   0.04127   0.00485   0.01423
   256/299     7.74G   0.03032  0.007295    0.0113   0.04892        10       640    0.9679     0.813     0.891    0.7612    0.0408  0.004867    0.0141
   257/299     7.74G    0.0308  0.007427   0.01172   0.04995        11       640     0.958    0.8304    0.8973    0.7681   0.04051  0.004902   0.01413
   258/299     7.74G   0.03131  0.007428   0.01159   0.05032        14       640      0.96    0.8332    0.8964    0.7757   0.04011  0.004872   0.01378
   259/299     7.74G   0.02999  0.007393   0.01155   0.04894        16       640    0.9577    0.8255    0.8999    0.7804   0.03942  0.004879   0.01371
   260/299     7.74G   0.03132  0.007564   0.01189   0.05077        16       640    0.9177    0.8497    0.8982    0.7732   0.03973  0.004938   0.01402
   261/299     7.74G   0.02951    0.0075   0.01249    0.0495        20       640    0.9315    0.8407    0.8944    0.7747   0.03972  0.004962   0.01412
   262/299     7.74G   0.02951  0.007481   0.01214   0.04913        15       640     0.915    0.8415    0.8966    0.7658   0.03989  0.004931   0.01397
   263/299     7.74G   0.02852  0.007114   0.01081   0.04644        11       640    0.9317    0.8288    0.8978    0.7821   0.03964  0.004914   0.01401
   264/299     7.74G   0.03157  0.007465   0.01154   0.05058        12       640    0.9381    0.8336    0.8911    0.7679    0.0399    0.0049    0.0141
   265/299     7.74G   0.03152  0.007383   0.01267   0.05158        18       640    0.9436    0.8314    0.8885    0.7609   0.04015  0.004876   0.01399
   266/299     7.74G   0.03002  0.007406   0.01151   0.04894        15       640    0.9331    0.8588    0.8869    0.7678   0.03965  0.004983   0.01418
   267/299     7.74G   0.02988   0.00722   0.01112   0.04822        15       640      0.93     0.835    0.8859    0.7559   0.03958  0.004936   0.01428
   268/299     7.74G   0.03092  0.007531   0.01176   0.05021         9       640    0.9293    0.8431    0.8898    0.7583   0.03984  0.004939    0.0142
   269/299     7.74G   0.02994  0.007298   0.01151   0.04875        12       640    0.9483    0.8295    0.8943     0.775   0.03955    0.0049   0.01408
   270/299     7.74G   0.03037  0.007256   0.01137     0.049        18       640    0.9184    0.8528    0.8921    0.7776   0.03921  0.004897    0.0142
   271/299     7.74G   0.03014   0.00718   0.01203   0.04935         9       640    0.9229    0.8612    0.9017    0.7729   0.03989  0.004868   0.01428
   272/299     7.74G   0.02913  0.007752   0.01126   0.04814        11       640    0.9477    0.8371    0.8952    0.7633   0.03993  0.004797   0.01406
   273/299     7.74G   0.03033  0.007608    0.0126   0.05054        13       640    0.9361    0.8433    0.8944    0.7736   0.03962  0.004902   0.01405
   274/299     7.74G   0.03163  0.007609   0.01219   0.05142        18       640    0.9374    0.8427    0.8948    0.7757   0.04032  0.004893   0.01379
   275/299     7.74G   0.03102  0.007362   0.01186   0.05024        17       640     0.927    0.8391    0.8887    0.7772   0.04041  0.004844   0.01369
   276/299     7.74G   0.02935  0.007071   0.01124   0.04767        12       640    0.9331    0.8263    0.8914    0.7858   0.03972  0.004793   0.01377
   277/299     7.74G   0.03063  0.007342   0.01213    0.0501        19       640    0.9561    0.8159    0.8902    0.7832   0.03938  0.004802   0.01408
   278/299     7.74G   0.03009   0.00744   0.01131   0.04883        23       640    0.9412    0.8253    0.8978    0.7903   0.03895    0.0048   0.01418
   279/299     7.74G    0.0288  0.007549   0.01075    0.0471        20       640    0.9557    0.8321    0.8983    0.7879   0.03897  0.004871   0.01398
   280/299     7.74G   0.02942  0.007319   0.01102   0.04776         7       640    0.9703    0.8309    0.8991    0.7904   0.03954  0.004801   0.01401
   281/299     7.74G   0.03063  0.007482   0.01134   0.04945        12       640    0.9293    0.8662    0.8996    0.7918   0.04001  0.004747   0.01386
   282/299     7.74G   0.02843  0.007315   0.01049   0.04623        15       640    0.9662     0.854    0.8994    0.7848   0.04029  0.004824   0.01364
   283/299     7.74G   0.02911  0.007468    0.0109   0.04749        20       640    0.9718    0.8523    0.9047    0.7974    0.0396  0.004792   0.01358
   284/299     7.74G   0.02955  0.007186   0.01178   0.04851        27       640    0.9381    0.8527    0.9017    0.7859   0.03932  0.004812   0.01376
   285/299     7.74G   0.02942  0.007138   0.01136   0.04792        14       640    0.9612    0.8552    0.9061    0.7822   0.03971  0.004838    0.0138
   286/299     7.74G   0.02706  0.007043   0.01005   0.04415        13       640    0.9357    0.8462    0.8972    0.7727   0.03953  0.004921   0.01396
   287/299     7.74G   0.02904  0.007369   0.01068   0.04709        17       640    0.9154    0.8571    0.8947    0.7863   0.03926  0.004838   0.01396
   288/299     7.74G   0.02931   0.00724   0.01085    0.0474        11       640    0.9434    0.8372    0.8899    0.7717   0.03919  0.004834   0.01397
   289/299     7.74G   0.02984  0.007538    0.0118   0.04917        14       640    0.9657    0.8443    0.8923    0.7753   0.03951  0.004809   0.01391
   290/299     7.74G   0.02988  0.007317   0.01158   0.04877        20       640    0.9755     0.841    0.8998    0.7833    0.0393  0.004813   0.01407
   291/299     7.74G   0.03006  0.007466   0.01174   0.04927        12       640    0.9573    0.8441    0.9008    0.7782   0.03935  0.004757   0.01391
   292/299     7.74G   0.02593  0.007164  0.009838   0.04294        18       640    0.9132    0.8491    0.8956    0.7813   0.03939  0.004745   0.01389
   293/299     7.74G   0.03086  0.007624   0.01252     0.051        24       640    0.9733    0.8063    0.8865    0.7741   0.03995  0.004772   0.01412
   294/299     7.74G   0.02975  0.007279    0.0114   0.04844         9       640    0.9581    0.8169    0.8898    0.7872   0.03984  0.004737   0.01376
   295/299     7.74G   0.02777  0.007091   0.01041   0.04527        12       640    0.9547    0.8383    0.8952    0.7788   0.03991  0.004686   0.01353
   296/299     7.74G    0.0293  0.007365   0.01106   0.04773        15       640    0.9519    0.8443    0.9033     0.785   0.03995  0.004686   0.01371
   297/299     7.74G    0.0294  0.007284   0.01084   0.04753        18       640    0.9693    0.8403    0.9031    0.7804   0.03941  0.004715   0.01395
   298/299     7.74G   0.02869  0.007337   0.01133   0.04736        12       640    0.9662     0.823    0.8983    0.7852    0.0386  0.004698   0.01381
   299/299     7.74G   0.02937  0.007267   0.01089   0.04752        18       640     0.966    0.8475    0.9044     0.795   0.03838  0.004733   0.01363
